{
 "cells": [
  {
   "cell_type": "code",
   "execution_count": 1,
   "metadata": {},
   "outputs": [],
   "source": [
    "# import some stuff\n",
    "import numpy as np\n",
    "from scipy import linalg as LA"
   ]
  },
  {
   "cell_type": "code",
   "execution_count": 2,
   "metadata": {},
   "outputs": [
    {
     "name": "stdout",
     "output_type": "stream",
     "text": [
      "The dimensions of A are: (4000, 20)\n"
     ]
    }
   ],
   "source": [
    "# load data\n",
    "A = np.loadtxt('A.csv', delimiter=',')\n",
    "\n",
    "# output the data\n",
    "# print(A)\n",
    "\n",
    "# dimensions of the data\n",
    "A_shape = A.shape\n",
    "print(f\"The dimensions of A are: {A_shape}\")"
   ]
  },
  {
   "cell_type": "code",
   "execution_count": 4,
   "metadata": {},
   "outputs": [
    {
     "name": "stdout",
     "output_type": "stream",
     "text": [
      "The U Matrix\n",
      "The dimensions of U are (4000, 20)\n",
      "[[ 0.00318534 -0.00230143 -0.00337534 ... -0.00107635  0.00465636\n",
      "   0.00803659]\n",
      " [-0.00367294 -0.01381072  0.02391967 ...  0.0049887  -0.04381453\n",
      "  -0.00026077]\n",
      " [ 0.002067   -0.00332406 -0.03944285 ... -0.00174743  0.02206299\n",
      "  -0.0096932 ]\n",
      " ...\n",
      " [-0.04646275 -0.00309451 -0.00844332 ... -0.02881618  0.02464124\n",
      "  -0.01432564]\n",
      " [-0.01574251 -0.0114422   0.01288303 ...  0.01299686 -0.01997637\n",
      "  -0.01792307]\n",
      " [-0.01451779 -0.00382722  0.00194131 ...  0.02099942 -0.0006366\n",
      "  -0.02331712]]\n",
      "\n",
      "The s matrix (contains all the eigenvalues)\n",
      "The dimensions of s are (20,)\n",
      "[123.85117488 106.80400117  98.93131912  93.82335917  75.57170361\n",
      "  62.98680543  61.566719    27.67987618  26.44516069  26.26866532\n",
      "  24.60274853  23.16563882  22.44960646  20.33801058  20.02858868\n",
      "  19.55224007  18.96450421  15.05642941  14.28111209   5.89905724]\n",
      "\n",
      "The V transpose matrix\n",
      "The dimensions of V transpose are (20, 20)\n",
      "[[-5.83104958e-02 -9.69636534e-02 -2.30058532e-01  7.90257776e-02\n",
      "   1.17631235e-01 -1.94688905e-01 -1.56240345e-01  1.85485962e-01\n",
      "   4.34092417e-01  3.47611048e-01 -1.33849851e-01  1.31998522e-01\n",
      "   4.52273089e-02  2.91113070e-01  4.15542479e-01 -2.48836388e-01\n",
      "  -2.71749392e-01 -4.42158854e-03 -2.25143864e-01 -1.64059256e-01]\n",
      " [-3.82534847e-01  1.48347367e-01 -2.94293180e-01  3.63535723e-01\n",
      "   1.72766428e-01 -2.37665880e-02  1.49861987e-01 -6.52899154e-02\n",
      "   2.82492798e-01 -2.24526029e-01 -1.58564054e-01 -5.46446883e-02\n",
      "   6.61892525e-02  1.32390105e-01 -3.07549538e-01 -8.24354629e-02\n",
      "   4.30328342e-01  2.14108242e-01  1.21322876e-02 -2.07252891e-01]\n",
      " [ 1.66398525e-02  2.74420871e-01 -2.66845046e-01 -3.25105478e-01\n",
      "  -6.19061784e-02 -1.04909751e-01 -2.61885706e-01 -3.56806632e-01\n",
      "   1.53095648e-01 -3.85203365e-01  2.15258012e-01 -2.41258821e-01\n",
      "  -1.19843633e-01  3.12604267e-01  3.64195246e-02  2.28946060e-01\n",
      "  -2.16688509e-01 -1.24438094e-01  2.19346737e-03 -1.79307053e-01]\n",
      " [-8.81071039e-02  3.15392367e-02  2.03801408e-01 -4.03592348e-02\n",
      "  -3.50255182e-01 -3.29564141e-02  3.16435351e-01  2.00102953e-01\n",
      "   2.17690165e-01 -3.68000770e-01  6.19805298e-02  5.05181333e-02\n",
      "  -2.66655101e-01 -1.01328349e-01 -1.31976008e-01 -2.48355684e-01\n",
      "  -1.53772703e-01 -1.28189141e-01 -5.42570394e-01 -1.49254525e-03]\n",
      " [ 5.67514625e-01  1.25100039e-01 -1.02769494e-03  3.44383899e-01\n",
      "   3.47179526e-01 -9.13130817e-02 -2.38780402e-01  1.71952555e-01\n",
      "   4.31451092e-02 -7.45903228e-02 -7.33706069e-02 -1.79037178e-01\n",
      "  -3.54187813e-01 -2.38924057e-01 -2.03398754e-01 -1.69679174e-02\n",
      "  -1.08311812e-01  1.18808838e-02 -5.80556151e-02 -2.09575364e-01]\n",
      " [-1.11108099e-01 -1.51294159e-01 -3.14482628e-01 -3.72783002e-01\n",
      "  -1.68530236e-01  1.89741955e-01 -1.47270462e-01  1.60859031e-01\n",
      "   1.62485265e-02  2.52576982e-01 -5.41831776e-02 -5.97930200e-02\n",
      "   1.28530886e-01 -4.06527554e-01 -3.22869235e-01  1.29805309e-01\n",
      "  -5.48793355e-02  8.06751119e-02 -1.57376992e-01 -4.55184806e-01]\n",
      " [ 1.13433234e-01 -3.25466163e-01 -3.33478388e-01 -4.69554692e-02\n",
      "   3.98212105e-01  1.76169974e-01 -1.27724805e-02 -5.78961629e-02\n",
      "   2.45678314e-02 -1.84214868e-01  1.26168194e-01 -4.55361863e-02\n",
      "   2.52962130e-01 -2.92042378e-02 -9.93634663e-02  7.04221332e-02\n",
      "  -5.59823854e-02  4.08721686e-02 -4.32801620e-01  5.00340509e-01]\n",
      " [-9.20102573e-02 -2.36944243e-01 -2.17430086e-01  4.11044813e-01\n",
      "  -3.27506181e-01 -7.53463592e-02  1.29007908e-01 -1.95495988e-01\n",
      "  -2.34124877e-01  1.71859074e-01  1.57421680e-01 -1.79107596e-01\n",
      "  -2.35131598e-01  1.00735247e-01 -8.98869704e-02  9.99614107e-02\n",
      "  -3.88216210e-01  4.16356704e-01 -1.67560824e-02  4.79138905e-02]\n",
      " [ 3.26196163e-01 -1.80629622e-01 -3.91678894e-02 -1.33563981e-01\n",
      "  -8.23676197e-02 -3.80179848e-01 -1.64229027e-02 -2.55448428e-01\n",
      "  -1.88839534e-01 -2.17106931e-01  1.17219541e-01  2.16406336e-01\n",
      "   2.97381630e-01 -4.30981750e-02 -7.62671185e-03 -4.89217666e-01\n",
      "   1.08847941e-01  2.87582805e-01 -1.19572515e-03 -2.39048793e-01]\n",
      " [ 2.50898893e-01 -1.74125504e-01 -1.42888085e-01 -4.79228147e-03\n",
      "   4.12756934e-03  2.25202253e-01  3.07006712e-01  4.39696859e-01\n",
      "   1.15137989e-01 -6.87060687e-02  5.52246518e-01  1.07919089e-01\n",
      "   1.47878478e-03  2.89876482e-01 -8.42204341e-03  8.33134336e-02\n",
      "   8.46326534e-02 -5.57264292e-03  2.73552196e-01 -2.00756945e-01]\n",
      " [ 2.45636070e-01 -4.16468310e-01  9.96049469e-02 -1.86818215e-01\n",
      "  -1.77366752e-01 -5.50781968e-02 -1.03684181e-01 -1.77791521e-01\n",
      "   2.26972049e-01  2.03917757e-01 -2.31586768e-01  4.48388431e-02\n",
      "  -3.30186246e-01  3.69796515e-01 -3.34082028e-01  7.32723609e-02\n",
      "   3.40156972e-01 -5.95829027e-02 -3.22085567e-02  1.12933678e-01]\n",
      " [-3.24582124e-01 -2.39100917e-01  2.60978670e-01 -2.20789662e-01\n",
      "   1.76430065e-01 -9.75082452e-02 -2.87660169e-01  1.89984312e-01\n",
      "   1.45313795e-01 -6.50586390e-02  2.79587624e-01 -4.13694646e-01\n",
      "  -2.22088845e-01 -1.18243089e-01  8.36820408e-02 -2.37151357e-01\n",
      "   1.00790141e-01  3.36154572e-01  1.54571573e-01  1.13494228e-01]\n",
      " [ 3.05458647e-01  4.32849485e-01 -1.05637219e-01 -1.98996951e-01\n",
      "  -1.00947551e-01 -2.33657171e-02  3.56506507e-01 -5.78010157e-02\n",
      "   1.43873041e-01  3.68523456e-01  6.59561592e-02 -4.21898530e-01\n",
      "   5.12257813e-02 -4.36499926e-02  1.14094918e-01 -9.21513316e-02\n",
      "   2.34591500e-01  2.35083013e-01 -1.45215083e-01  1.76414307e-01]\n",
      " [-1.58371463e-01  2.71897849e-03 -3.44411661e-02  7.89390460e-02\n",
      "   1.48647603e-01 -1.32583942e-01 -7.41877841e-02 -7.18815594e-02\n",
      "  -4.10895835e-01  2.07180647e-01  3.59409292e-01  4.72354996e-02\n",
      "  -2.48386681e-01  4.90989578e-02  1.85125845e-01  8.27715673e-02\n",
      "   4.17594813e-01 -2.14851970e-01 -4.47545461e-01 -2.18882580e-01]\n",
      " [-3.85795882e-02  1.80435638e-01 -8.35340639e-03  1.91459334e-01\n",
      "  -1.07263521e-01  1.32503690e-01 -2.55386394e-01 -3.01752871e-01\n",
      "   3.37176092e-01  2.62030877e-01  4.85407978e-01  2.77737473e-01\n",
      "   4.17781181e-03 -2.32353840e-01 -2.47203724e-01 -2.41672663e-01\n",
      "  -1.89542617e-02 -1.76551270e-01  9.78742615e-02  1.84801062e-01]\n",
      " [ 2.68658523e-02 -2.20049909e-01  4.58974926e-01  8.27534981e-02\n",
      "   2.49034030e-01  3.07756475e-01  2.49878763e-01 -4.43542290e-01\n",
      "   1.92526679e-01  7.55837825e-02  5.54165658e-02 -2.13165075e-01\n",
      "   1.73581176e-01  1.55967328e-02  6.54269619e-02  4.54948648e-02\n",
      "  -1.39225482e-01 -2.24709528e-02 -1.14855794e-01 -3.95416900e-01]\n",
      " [ 1.64521628e-01 -5.57982376e-02 -6.04350986e-02  1.94597260e-01\n",
      "  -3.64791872e-01  4.98587355e-01 -3.17639403e-01 -4.84118201e-02\n",
      "   9.13448946e-02 -2.32255635e-01 -8.84609271e-02  2.57724079e-02\n",
      "  -4.12205828e-02 -1.08798120e-01  4.66867827e-01  3.20176560e-02\n",
      "   2.88134701e-01  2.15722627e-01 -9.87569815e-02 -2.79991753e-02]\n",
      " [-1.51591095e-02  2.04125432e-01  1.72044183e-01 -1.98653635e-01\n",
      "   2.17747595e-01 -3.39431715e-02  5.28339213e-02 -5.33018045e-02\n",
      "   1.31996260e-01  1.12571569e-02  4.80082502e-02  5.45698124e-01\n",
      "  -2.03788156e-01 -4.58217036e-02  2.30578903e-02  3.68229983e-01\n",
      "  -5.33574317e-02  5.66649413e-01 -1.16213127e-01  1.61858427e-03]\n",
      " [ 4.30200884e-04  2.87581094e-01  2.59890762e-01  1.29729470e-02\n",
      "  -2.74496473e-02  3.01045201e-01 -3.23712881e-01  1.98935655e-01\n",
      "  -2.60469995e-01  8.35623890e-02  1.54869778e-02 -3.83554270e-02\n",
      "   2.31893964e-01  4.95243910e-01 -3.14404254e-01 -1.94310884e-01\n",
      "  -9.84713152e-02  2.01059840e-01 -2.26255134e-01 -1.84088934e-02]\n",
      " [-5.94772727e-02  4.78372857e-02 -2.57854841e-01 -2.39159185e-01\n",
      "   2.42065716e-01  4.35690835e-01  1.79287083e-01 -1.72111352e-01\n",
      "  -2.18953465e-01  1.70108902e-02 -1.56969940e-01  1.21198302e-01\n",
      "  -4.56732127e-01  4.49426440e-02  4.06923810e-02 -4.76467025e-01\n",
      "  -1.10353931e-01 -1.04523013e-02  1.43778386e-01 -2.19204071e-02]]\n",
      "\n"
     ]
    }
   ],
   "source": [
    "# compute the svd of A\n",
    "U, s, Vt = LA.svd(A, full_matrices=False)\n",
    "U_shape = U.shape\n",
    "s_shape = s.shape\n",
    "Vt_shape = Vt.shape\n",
    "\n",
    "# output the different components along with their dimensions\n",
    "print(f\"The U Matrix\")\n",
    "print(f\"The dimensions of U are {U_shape}\")\n",
    "print(U)\n",
    "print()\n",
    "\n",
    "print(f\"The s matrix (contains all the eigenvalues)\")\n",
    "print(f\"The dimensions of s are {s_shape}\")\n",
    "print(s)\n",
    "print()\n",
    "\n",
    "print(f\"The V transpose matrix\")\n",
    "print(f\"The dimensions of V transpose are {Vt_shape}\")\n",
    "print(Vt)\n",
    "print()\n"
   ]
  },
  {
   "cell_type": "code",
   "execution_count": 9,
   "metadata": {},
   "outputs": [
    {
     "name": "stdout",
     "output_type": "stream",
     "text": [
      "0\n"
     ]
    },
    {
     "ename": "IndexError",
     "evalue": "too many indices for array",
     "output_type": "error",
     "traceback": [
      "\u001b[1;31m---------------------------------------------------------------------------\u001b[0m",
      "\u001b[1;31mIndexError\u001b[0m                                Traceback (most recent call last)",
      "\u001b[1;32m<ipython-input-9-bb28b2638e30>\u001b[0m in \u001b[0;36m<module>\u001b[1;34m\u001b[0m\n\u001b[0;32m      4\u001b[0m     \u001b[1;31m# get the slice of the svd components up to k\u001b[0m\u001b[1;33m\u001b[0m\u001b[1;33m\u001b[0m\u001b[1;33m\u001b[0m\u001b[0m\n\u001b[0;32m      5\u001b[0m     \u001b[0mUk\u001b[0m \u001b[1;33m=\u001b[0m \u001b[0mU\u001b[0m\u001b[1;33m[\u001b[0m\u001b[1;33m:\u001b[0m\u001b[1;33m,\u001b[0m \u001b[1;33m:\u001b[0m\u001b[0mk\u001b[0m\u001b[1;33m]\u001b[0m\u001b[1;33m\u001b[0m\u001b[1;33m\u001b[0m\u001b[0m\n\u001b[1;32m----> 6\u001b[1;33m     \u001b[0mSk\u001b[0m \u001b[1;33m=\u001b[0m \u001b[0ms\u001b[0m\u001b[1;33m[\u001b[0m\u001b[1;33m:\u001b[0m\u001b[0mk\u001b[0m\u001b[1;33m,\u001b[0m \u001b[1;33m:\u001b[0m\u001b[1;33m]\u001b[0m\u001b[1;33m\u001b[0m\u001b[1;33m\u001b[0m\u001b[0m\n\u001b[0m\u001b[0;32m      7\u001b[0m     \u001b[0mVtk\u001b[0m \u001b[1;33m=\u001b[0m \u001b[0mVt\u001b[0m\u001b[1;33m[\u001b[0m\u001b[1;33m:\u001b[0m\u001b[0mk\u001b[0m\u001b[1;33m,\u001b[0m \u001b[1;33m:\u001b[0m\u001b[1;33m]\u001b[0m\u001b[1;33m\u001b[0m\u001b[1;33m\u001b[0m\u001b[0m\n\u001b[0;32m      8\u001b[0m \u001b[1;33m\u001b[0m\u001b[0m\n",
      "\u001b[1;31mIndexError\u001b[0m: too many indices for array"
     ]
    }
   ],
   "source": [
    "for k in range(10):\n",
    "    print(k)\n",
    "    \n",
    "    # get the slice of the svd components up to k\n",
    "    Uk = U[:, :k]\n",
    "    Sk = s[:k, :]\n",
    "    Vtk = Vt[:k, :]\n",
    "    \n",
    "    print(\"The new Uk matrix\")\n",
    "    print(Uk)\n",
    "    print()\n",
    "    print(\"The new Sk matrix\")\n",
    "    print(Sk)\n",
    "    print()\n",
    "    print(\"The new V transpose matrix\")\n",
    "    print(Vtk)\n",
    "    print()\n",
    "    \n",
    "    # reproduce Ak using the sliced SVD components\n",
    "    Ak = Uk @ Sk @ Vtk\n",
    "    print(\"The new Ak matrix using the sliced SVD components Uk, Sk, Vtk\")\n",
    "    print(Ak)\n",
    "    print()"
   ]
  }
 ],
 "metadata": {
  "kernelspec": {
   "display_name": "Python 3",
   "language": "python",
   "name": "python3"
  },
  "language_info": {
   "codemirror_mode": {
    "name": "ipython",
    "version": 3
   },
   "file_extension": ".py",
   "mimetype": "text/x-python",
   "name": "python",
   "nbconvert_exporter": "python",
   "pygments_lexer": "ipython3",
   "version": "3.7.6"
  }
 },
 "nbformat": 4,
 "nbformat_minor": 4
}
